1,Душка от кровати,2,2,45,0,500,0.01
2,Большая упаковка из-под еды,5,2,-1,0,5,73
3,Упаковка из-под еды,4,1,0,0,2,78
4,Трусы,6,1,0,0,2,78
5,Бинты на ноги,5,1,0,0,1,80
6,Нож,1,0,35,0,350,0.05
7,Шприц,1,0,16,1,100,1
8,Ключ,1,0,12,0,60,10
9,Вилка,1,0,9,0,45,20
10,Мебельный гвоздь,1,0,6,0,25,40
11,Ручка,1,0,4,0,15,55
12,Ложка,1,0,1,0,2,78
13,Стул,2,3,27,0,300,0.07
14,Швабра,2,4,25,0,260,0.1
15,Веревка,2,0,20,0,150,0.4
16,Бинты на руки,4,1,0,1,4,75
17,Перчатки медицинские,4,3,0,1,30,35
18,Порванная на лоскуты простыня,4,2,0,0,10,60
19,Перчатки зимние,4,5,0,0,70,8
20,Варежки,4,7,0,0,150,0.4
21,Бахилы медицинские,5,1,0,1,10,60
22,Кроссовки,5,8,0,0,160,0.35
23,Ботинки,5,10,0,0,220,0.2
24,Носки,5,3,0,0,30,35
25,Сандали,5,6,0,0,80,7
26,Шорты,6,5,0,0,60,10
27,Штаны врача,6,8,0,2,200,0.25
28,Штаны,6,8,0,0,160,0.36
29,Синтепоновые штаны,6,12,0,0,350,0.05
30,Спортивные штаны,6,3,0,0,35,30
31,Комбинезон,7,11,0,0,250,0.14
32,Простыня,7,3,0,0,20,47
33,Футболка,7,6,0,0,65,9
34,Халат,7,5,0,1,70,8
35,Смирительная рубашка,7,12,-5,2,200,0.22
36,Дуршлаг,8,9,2,0,200,0.22
37,Кепка,8,5,0,0,50,15
38,Медицинская шапка,8,3,0,1,15,55
39,Шапка из бинтов,8,2,0,0,6,68
